harm = [3943.976, 3833.989, 1651.332, 0.02, 0.0, 0.0, 0.0, 0.0, 0.0]
rots = [14.5054957, 9.2636424, 27.6557350]
fund = [3753.156, 3656.489, 1598.834] 
